{
 "cells": [
  {
   "cell_type": "code",
   "execution_count": 1,
   "metadata": {},
   "outputs": [
    {
     "data": {
      "text/html": [
       "<div>\n",
       "<style scoped>\n",
       "    .dataframe tbody tr th:only-of-type {\n",
       "        vertical-align: middle;\n",
       "    }\n",
       "\n",
       "    .dataframe tbody tr th {\n",
       "        vertical-align: top;\n",
       "    }\n",
       "\n",
       "    .dataframe thead th {\n",
       "        text-align: right;\n",
       "    }\n",
       "</style>\n",
       "<table border=\"1\" class=\"dataframe\">\n",
       "  <thead>\n",
       "    <tr style=\"text-align: right;\">\n",
       "      <th></th>\n",
       "      <th>loc</th>\n",
       "      <th>v(g)</th>\n",
       "      <th>ev(g)</th>\n",
       "      <th>iv(g)</th>\n",
       "      <th>n</th>\n",
       "      <th>v</th>\n",
       "      <th>l</th>\n",
       "      <th>d</th>\n",
       "      <th>i</th>\n",
       "      <th>e</th>\n",
       "      <th>...</th>\n",
       "      <th>lOCode</th>\n",
       "      <th>lOComment</th>\n",
       "      <th>lOBlank</th>\n",
       "      <th>locCodeAndComment</th>\n",
       "      <th>uniq_Op</th>\n",
       "      <th>uniq_Opnd</th>\n",
       "      <th>total_Op</th>\n",
       "      <th>total_Opnd</th>\n",
       "      <th>branchCount</th>\n",
       "      <th>defects</th>\n",
       "    </tr>\n",
       "  </thead>\n",
       "  <tbody>\n",
       "    <tr>\n",
       "      <th>10880</th>\n",
       "      <td>18.0</td>\n",
       "      <td>4.0</td>\n",
       "      <td>1.0</td>\n",
       "      <td>4.0</td>\n",
       "      <td>52.0</td>\n",
       "      <td>241.48</td>\n",
       "      <td>0.14</td>\n",
       "      <td>7.33</td>\n",
       "      <td>32.93</td>\n",
       "      <td>1770.86</td>\n",
       "      <td>...</td>\n",
       "      <td>13.0</td>\n",
       "      <td>0.0</td>\n",
       "      <td>2.0</td>\n",
       "      <td>0.0</td>\n",
       "      <td>10.0</td>\n",
       "      <td>15.0</td>\n",
       "      <td>30.0</td>\n",
       "      <td>22.0</td>\n",
       "      <td>7.0</td>\n",
       "      <td>b'false'</td>\n",
       "    </tr>\n",
       "    <tr>\n",
       "      <th>10881</th>\n",
       "      <td>9.0</td>\n",
       "      <td>2.0</td>\n",
       "      <td>1.0</td>\n",
       "      <td>2.0</td>\n",
       "      <td>30.0</td>\n",
       "      <td>129.66</td>\n",
       "      <td>0.12</td>\n",
       "      <td>8.25</td>\n",
       "      <td>15.72</td>\n",
       "      <td>1069.68</td>\n",
       "      <td>...</td>\n",
       "      <td>5.0</td>\n",
       "      <td>0.0</td>\n",
       "      <td>2.0</td>\n",
       "      <td>0.0</td>\n",
       "      <td>12.0</td>\n",
       "      <td>8.0</td>\n",
       "      <td>19.0</td>\n",
       "      <td>11.0</td>\n",
       "      <td>3.0</td>\n",
       "      <td>b'false'</td>\n",
       "    </tr>\n",
       "    <tr>\n",
       "      <th>10882</th>\n",
       "      <td>42.0</td>\n",
       "      <td>4.0</td>\n",
       "      <td>1.0</td>\n",
       "      <td>2.0</td>\n",
       "      <td>103.0</td>\n",
       "      <td>519.57</td>\n",
       "      <td>0.04</td>\n",
       "      <td>26.40</td>\n",
       "      <td>19.68</td>\n",
       "      <td>13716.72</td>\n",
       "      <td>...</td>\n",
       "      <td>29.0</td>\n",
       "      <td>1.0</td>\n",
       "      <td>10.0</td>\n",
       "      <td>0.0</td>\n",
       "      <td>18.0</td>\n",
       "      <td>15.0</td>\n",
       "      <td>59.0</td>\n",
       "      <td>44.0</td>\n",
       "      <td>7.0</td>\n",
       "      <td>b'false'</td>\n",
       "    </tr>\n",
       "    <tr>\n",
       "      <th>10883</th>\n",
       "      <td>10.0</td>\n",
       "      <td>1.0</td>\n",
       "      <td>1.0</td>\n",
       "      <td>1.0</td>\n",
       "      <td>36.0</td>\n",
       "      <td>147.15</td>\n",
       "      <td>0.12</td>\n",
       "      <td>8.44</td>\n",
       "      <td>17.44</td>\n",
       "      <td>1241.57</td>\n",
       "      <td>...</td>\n",
       "      <td>6.0</td>\n",
       "      <td>0.0</td>\n",
       "      <td>2.0</td>\n",
       "      <td>0.0</td>\n",
       "      <td>9.0</td>\n",
       "      <td>8.0</td>\n",
       "      <td>21.0</td>\n",
       "      <td>15.0</td>\n",
       "      <td>1.0</td>\n",
       "      <td>b'false'</td>\n",
       "    </tr>\n",
       "    <tr>\n",
       "      <th>10884</th>\n",
       "      <td>19.0</td>\n",
       "      <td>3.0</td>\n",
       "      <td>1.0</td>\n",
       "      <td>1.0</td>\n",
       "      <td>58.0</td>\n",
       "      <td>272.63</td>\n",
       "      <td>0.09</td>\n",
       "      <td>11.57</td>\n",
       "      <td>23.56</td>\n",
       "      <td>3154.67</td>\n",
       "      <td>...</td>\n",
       "      <td>13.0</td>\n",
       "      <td>0.0</td>\n",
       "      <td>2.0</td>\n",
       "      <td>1.0</td>\n",
       "      <td>12.0</td>\n",
       "      <td>14.0</td>\n",
       "      <td>31.0</td>\n",
       "      <td>27.0</td>\n",
       "      <td>5.0</td>\n",
       "      <td>b'false'</td>\n",
       "    </tr>\n",
       "  </tbody>\n",
       "</table>\n",
       "<p>5 rows × 22 columns</p>\n",
       "</div>"
      ],
      "text/plain": [
       "        loc  v(g)  ev(g)  iv(g)      n       v     l      d      i         e  \\\n",
       "10880  18.0   4.0    1.0    4.0   52.0  241.48  0.14   7.33  32.93   1770.86   \n",
       "10881   9.0   2.0    1.0    2.0   30.0  129.66  0.12   8.25  15.72   1069.68   \n",
       "10882  42.0   4.0    1.0    2.0  103.0  519.57  0.04  26.40  19.68  13716.72   \n",
       "10883  10.0   1.0    1.0    1.0   36.0  147.15  0.12   8.44  17.44   1241.57   \n",
       "10884  19.0   3.0    1.0    1.0   58.0  272.63  0.09  11.57  23.56   3154.67   \n",
       "\n",
       "         ...     lOCode  lOComment  lOBlank  locCodeAndComment  uniq_Op  \\\n",
       "10880    ...       13.0        0.0      2.0                0.0     10.0   \n",
       "10881    ...        5.0        0.0      2.0                0.0     12.0   \n",
       "10882    ...       29.0        1.0     10.0                0.0     18.0   \n",
       "10883    ...        6.0        0.0      2.0                0.0      9.0   \n",
       "10884    ...       13.0        0.0      2.0                1.0     12.0   \n",
       "\n",
       "       uniq_Opnd  total_Op  total_Opnd  branchCount   defects  \n",
       "10880       15.0      30.0        22.0          7.0  b'false'  \n",
       "10881        8.0      19.0        11.0          3.0  b'false'  \n",
       "10882       15.0      59.0        44.0          7.0  b'false'  \n",
       "10883        8.0      21.0        15.0          1.0  b'false'  \n",
       "10884       14.0      31.0        27.0          5.0  b'false'  \n",
       "\n",
       "[5 rows x 22 columns]"
      ]
     },
     "execution_count": 1,
     "metadata": {},
     "output_type": "execute_result"
    }
   ],
   "source": [
    "import pandas as pd\n",
    "import numpy as np\n",
    "\n",
    "from sklearn.preprocessing import StandardScaler\n",
    "from scipy.io import arff\n",
    "\n",
    "data = arff.loadarff(\"datasets/jm1.arff\")\n",
    "df = pd.DataFrame(data[0])\n",
    "df.dropna(how=\"all\", inplace=True) # drops the empty line at file-end\n",
    "df.tail()"
   ]
  },
  {
   "cell_type": "code",
   "execution_count": 2,
   "metadata": {},
   "outputs": [],
   "source": [
    "X = df.iloc[:,:-1].values\n",
    "y = df.iloc[:,-1].values\n",
    "\n",
    "# Removing NaN from the dataset\n",
    "is_nan = ~np.isnan(X).any(axis=1)\n",
    "X = X[is_nan]\n",
    "y = y[is_nan]\n",
    "\n",
    "X_std = StandardScaler().fit_transform(X)"
   ]
  },
  {
   "cell_type": "code",
   "execution_count": 3,
   "metadata": {},
   "outputs": [
    {
     "name": "stdout",
     "output_type": "stream",
     "text": [
      "Here are the covariance matrix:\n",
      "[[ 1.00009192  0.81787012  0.51764654  0.78413234  0.88187137  0.90037275\n",
      "  -0.28661835  0.6895928   0.49997217  0.75064658  0.90004446  0.75064658\n",
      "   0.92199979  0.61292954  0.80364595  0.27814477  0.53673036  0.76469223\n",
      "   0.88104782  0.86835442  0.83027038]\n",
      " [ 0.81787012  1.00009192  0.70173792  0.85966972  0.73087739  0.7599796\n",
      "  -0.25284826  0.66915204  0.30309964  0.70960425  0.75973331  0.70960425\n",
      "   0.80002227  0.3845919   0.53843027  0.20985717  0.64748981  0.70057843\n",
      "   0.74423192  0.69614165  0.97204738]\n",
      " [ 0.51764654  0.70173792  1.00009192  0.63963125  0.46606646  0.44597172\n",
      "  -0.23388371  0.43407605  0.21328659  0.31560104  0.4457623   0.31560104\n",
      "   0.45467596  0.2943187   0.33828408  0.19097943  0.26302409  0.33706201\n",
      "   0.47997957  0.43555821  0.78562538]\n",
      " [ 0.78413234  0.85966972  0.63963125  1.00009192  0.70247521  0.74326047\n",
      "  -0.19771465  0.57540639  0.30974305  0.75779077  0.74307983  0.75779077\n",
      "   0.77594361  0.35164084  0.54133353  0.20705911  0.50079599  0.61802243\n",
      "   0.71531018  0.6690018   0.85907257]\n",
      " [ 0.88187137  0.73087739  0.46606646  0.70247521  1.00009192  0.98436716\n",
      "  -0.24075847  0.80817575  0.65124887  0.71662188  0.98402905  0.71662187\n",
      "   0.94446642  0.59646374  0.79862161  0.2844302   0.61046805  0.8362475\n",
      "   0.99578095  0.98957452  0.74796248]\n",
      " [ 0.90037275  0.7599796   0.44597172  0.74326047  0.98436716  1.00009192\n",
      "  -0.19810972  0.75227128  0.59878522  0.8000866   0.99978745  0.80008659\n",
      "   0.96216538  0.57692173  0.79239622  0.26656858  0.60704836  0.85237432\n",
      "   0.98165563  0.97204984  0.76004054]\n",
      " [-0.28661835 -0.25284826 -0.23388371 -0.19771465 -0.24075847 -0.19810972\n",
      "   1.00009192 -0.34724518 -0.16680722 -0.06203982 -0.19615223 -0.06203976\n",
      "  -0.21838    -0.16596044 -0.22365672 -0.1061639  -0.30535883 -0.23491403\n",
      "  -0.23734632 -0.24104515 -0.27915117]\n",
      " [ 0.6895928   0.66915204  0.43407605  0.57540639  0.80817575  0.75227128\n",
      "  -0.34724518  1.00009192  0.3981218   0.57439396  0.75190044  0.57439396\n",
      "   0.76824562  0.50222678  0.63722993  0.25384281  0.74937358  0.63974494\n",
      "   0.81762131  0.77780303  0.6720374 ]\n",
      " [ 0.49997217  0.30309964  0.21328659  0.30974305  0.65124887  0.59878522\n",
      "  -0.16680722  0.3981218   1.00009192  0.2092967   0.59838303  0.20929669\n",
      "   0.56394863  0.39263416  0.57236377  0.21785441  0.39168221  0.72676275\n",
      "   0.62073289  0.6879538   0.3258257 ]\n",
      " [ 0.75064658  0.70960425  0.31560104  0.75779077  0.71662188  0.8000866\n",
      "  -0.06203982  0.57439396  0.2092967   1.00009192  0.79995447  1.00009192\n",
      "   0.80916477  0.38484376  0.60072773  0.14870372  0.48210531  0.58685875\n",
      "   0.73586962  0.67355166  0.66794762]\n",
      " [ 0.90004446  0.75973331  0.4457623   0.74307983  0.98402905  0.99978745\n",
      "  -0.19615223  0.75190044  0.59838303  0.79995447  1.00009192  0.79995448\n",
      "   0.96186663  0.57675598  0.79214706  0.26675238  0.60660403  0.8520015\n",
      "   0.98132712  0.97170986  0.75978127]\n",
      " [ 0.75064658  0.70960425  0.31560104  0.75779077  0.71662187  0.80008659\n",
      "  -0.06203976  0.57439396  0.20929669  1.00009192  0.79995448  1.00009192\n",
      "   0.80916477  0.38484375  0.60072773  0.14870372  0.48210531  0.58685874\n",
      "   0.73586961  0.67355166  0.66794762]\n",
      " [ 0.92199979  0.80002227  0.45467596  0.77594361  0.94446642  0.96216538\n",
      "  -0.21838     0.76824562  0.56394863  0.80916477  0.96186663  0.80916477\n",
      "   1.00009192  0.55319875  0.80738383  0.25916577  0.65713832  0.84796716\n",
      "   0.9427596   0.93116303  0.79666751]\n",
      " [ 0.61292954  0.3845919   0.2943187   0.35164084  0.59646374  0.57692173\n",
      "  -0.16596044  0.50222678  0.39263416  0.38484376  0.57675598  0.38484375\n",
      "   0.55319875  1.00009192  0.62026422  0.2620181   0.35661669  0.48300153\n",
      "   0.59661167  0.58458252  0.41408374]\n",
      " [ 0.80364595  0.53843027  0.33828408  0.54133353  0.79862161  0.79239622\n",
      "  -0.22365672  0.63722993  0.57236377  0.60072773  0.79214706  0.60072773\n",
      "   0.80738383  0.62026422  1.00009192  0.27038743  0.48032113  0.68774463\n",
      "   0.796773    0.78908709  0.56920451]\n",
      " [ 0.27814477  0.20985717  0.19097943  0.20705911  0.2844302   0.26656858\n",
      "  -0.1061639   0.25384281  0.21785441  0.14870372  0.26675238  0.14870372\n",
      "   0.25916577  0.2620181   0.27038743  1.00009192  0.19884335  0.24936257\n",
      "   0.28331945  0.28058469  0.23087537]\n",
      " [ 0.53673036  0.64748981  0.26302409  0.50079599  0.61046805  0.60704836\n",
      "  -0.30535883  0.74937358  0.39168221  0.48210531  0.60660403  0.48210531\n",
      "   0.65713832  0.35661669  0.48032113  0.19884335  1.00009192  0.78058339\n",
      "   0.6151481   0.59090153  0.54768312]\n",
      " [ 0.76469223  0.70057843  0.33706201  0.61802243  0.8362475   0.85237432\n",
      "  -0.23491403  0.63974494  0.72676275  0.58685875  0.8520015   0.58685874\n",
      "   0.84796716  0.48300153  0.68774463  0.24936257  0.78058339  1.00009192\n",
      "   0.81699614  0.85176155  0.64435421]\n",
      " [ 0.88104782  0.74423192  0.47997957  0.71531018  0.99578095  0.98165563\n",
      "  -0.23734632  0.81762131  0.62073289  0.73586962  0.98132712  0.73586961\n",
      "   0.9427596   0.59661167  0.796773    0.28331945  0.6151481   0.81699614\n",
      "   1.00009192  0.97278262  0.76084744]\n",
      " [ 0.86835442  0.69614165  0.43555821  0.6690018   0.98957452  0.97204984\n",
      "  -0.24104515  0.77780303  0.6879538   0.67355166  0.97170986  0.67355166\n",
      "   0.93116303  0.58458252  0.78908709  0.28058469  0.59090153  0.85176155\n",
      "   0.97278262  1.00009192  0.71410921]\n",
      " [ 0.83027038  0.97204738  0.78562538  0.85907257  0.74796248  0.76004054\n",
      "  -0.27915117  0.6720374   0.3258257   0.66794762  0.75978127  0.66794762\n",
      "   0.79666751  0.41408374  0.56920451  0.23087537  0.54768312  0.64435421\n",
      "   0.76084744  0.71410921  1.00009192]]\n"
     ]
    }
   ],
   "source": [
    "mean_vec = np.mean(X_std, axis=0)\n",
    "cov_mat = (X_std - mean_vec).T.dot(X_std - mean_vec) / (X_std.shape[0] - 1)\n",
    "print(\"Here are the covariance matrix:\\n{}\".format(cov_mat))\n",
    "# We can use np.cov(X_std.T)"
   ]
  },
  {
   "cell_type": "code",
   "execution_count": 4,
   "metadata": {},
   "outputs": [
    {
     "name": "stdout",
     "output_type": "stream",
     "text": [
      "Here are the eigenvectors:\n",
      "[[ 2.53836537e-01 -3.57163180e-02  6.69727837e-03 -8.48310154e-02\n",
      "  -3.38447324e-02 -1.66240008e-01  8.53509778e-02 -1.56778181e-01\n",
      "  -1.22518798e-01  3.87278576e-01 -1.83870768e-01 -1.91367790e-01\n",
      "  -6.83887347e-01 -3.94869778e-01  5.89252153e-02 -1.60625929e-02\n",
      "  -5.68313526e-02  1.97915770e-02 -1.85049023e-03  3.19357690e-05\n",
      "   1.56287765e-08]\n",
      " [ 2.31408216e-01 -3.21027213e-01 -1.43817348e-01  3.29475071e-02\n",
      "  -4.41151941e-02  1.53174108e-01 -9.54195293e-02 -1.62664325e-01\n",
      "   6.45062686e-03  2.77252718e-01 -1.13633778e-02 -3.29647646e-01\n",
      "   3.31755659e-01 -7.88974422e-02  6.34961425e-02  3.88692293e-02\n",
      "   6.71956766e-01 -3.96816477e-02  3.47753421e-03 -7.56489397e-04\n",
      "   5.62473335e-08]\n",
      " [ 1.49636977e-01 -3.50760315e-01 -4.13147353e-01 -2.79890333e-01\n",
      "  -3.64772953e-01  5.70327087e-03 -1.28405139e-01  1.39481984e-01\n",
      "  -6.80547669e-02 -3.53126895e-01  4.42342932e-01  1.71741792e-01\n",
      "  -2.77334105e-01 -1.64961332e-02  4.70533132e-03  2.57433237e-03\n",
      "   6.91939407e-02  3.97968091e-03 -5.25310176e-04 -3.56814584e-04\n",
      "   1.40987837e-08]\n",
      " [ 2.21308249e-01 -3.31651834e-01 -1.92027412e-02 -5.34155757e-02\n",
      "  -6.02994402e-02  8.28755309e-02  1.28742818e-01 -2.13440234e-01\n",
      "   3.04895371e-02 -2.25263036e-01 -6.70819508e-01  5.07644004e-01\n",
      "   6.07209329e-02  3.22226123e-03  4.52917730e-02 -4.40374952e-03\n",
      "   4.13251255e-03 -3.27619761e-03  1.29192721e-03 -3.29798041e-05\n",
      "  -7.64743817e-09]\n",
      " [ 2.61677172e-01  1.28018806e-01  4.05702713e-02 -1.18813131e-02\n",
      "  -7.19727072e-02 -2.05924783e-02  4.13108016e-02  2.52579490e-01\n",
      "   1.31943429e-01  6.92277412e-02  1.21583200e-02  9.78621352e-02\n",
      "   1.11136053e-01 -1.31414206e-01 -8.25477266e-02 -1.06203557e-02\n",
      "   2.69020237e-02  3.18634060e-01 -7.68346117e-01  2.84887144e-01\n",
      "   1.16923701e-07]\n",
      " [ 2.63913259e-01  6.77496298e-02  1.23163725e-01 -6.22260921e-03\n",
      "  -4.07483813e-02 -8.98866848e-03  8.43511451e-02  1.13250930e-01\n",
      "   1.43353625e-01  1.03515658e-01  1.34987097e-01  1.59498797e-01\n",
      "   8.56394443e-02 -1.05066450e-01 -1.45019375e-02 -4.55077646e-02\n",
      "  -3.73142529e-02 -4.96721727e-01  2.87407011e-01  6.80118041e-01\n",
      "  -1.72730483e-05]\n",
      " [-7.55499866e-02 -4.81252389e-02  5.88235574e-01 -3.71558440e-01\n",
      "  -2.43060046e-01  4.39642270e-01 -4.67619653e-01  9.75879877e-02\n",
      "  -1.20120474e-01  5.04348621e-02 -7.35637657e-02 -1.86008550e-02\n",
      "  -5.33558416e-02 -3.05727567e-02  1.65911294e-02  8.25257053e-03\n",
      "  -2.06683934e-02  7.77414273e-03 -5.58905040e-05  1.25454373e-03\n",
      "   1.15243592e-08]\n",
      " [ 2.20537515e-01  4.58766019e-02 -1.50144114e-01  1.89740374e-01\n",
      "   2.18005395e-01 -2.06735952e-02 -3.24946799e-01  5.57760811e-01\n",
      "  -8.42582590e-02 -2.09155960e-01 -3.19949769e-01 -2.36868364e-01\n",
      "  -1.32840659e-01  1.57574158e-01  3.73661487e-01 -1.21831341e-01\n",
      "   2.55587987e-02 -1.37945814e-01  1.02233409e-02  4.85614713e-03\n",
      "   4.47865102e-10]\n",
      " [ 1.58185147e-01  4.66163147e-01 -8.89433799e-02 -2.48601081e-02\n",
      "  -3.97535123e-01  2.52402265e-01  2.22666766e-01 -1.88788792e-01\n",
      "   4.64609775e-02 -4.47183678e-01 -1.80081386e-01 -4.23667666e-01\n",
      "  -1.50524318e-03 -7.27624217e-02 -1.13679899e-01  2.31599575e-02\n",
      "   2.18988868e-02 -9.40592662e-02  5.49497392e-03  3.02564402e-03\n",
      "   1.96086130e-09]\n",
      " [ 2.16977598e-01 -2.39319060e-01  3.63590342e-01  5.21277325e-02\n",
      "   2.23773307e-01 -8.21850259e-02  1.35109089e-01 -9.13933791e-02\n",
      "   5.31186900e-02 -3.13129875e-01  1.73966108e-01 -1.77057779e-01\n",
      "  -2.92318417e-02 -1.59253715e-02  5.84006501e-02  4.77569719e-02\n",
      "  -2.92564822e-02  8.43928966e-02 -3.99333140e-03 -4.08453045e-03\n",
      "   7.07106776e-01]\n",
      " [ 2.63824892e-01  6.76053162e-02  1.24139381e-01 -7.25782858e-03\n",
      "  -4.10405813e-02 -8.03082665e-03  8.32140628e-02  1.13817183e-01\n",
      "   1.42981609e-01  1.04435957e-01  1.34706734e-01  1.60335036e-01\n",
      "   8.61143742e-02 -1.06798881e-01 -1.33199065e-02 -4.73108725e-02\n",
      "  -4.14823152e-02 -5.80189568e-01 -2.33357254e-01 -6.32058021e-01\n",
      "   1.72850902e-05]\n",
      " [ 2.16977597e-01 -2.39319064e-01  3.63590371e-01  5.21277030e-02\n",
      "   2.23773298e-01 -8.21849899e-02  1.35109050e-01 -9.13933663e-02\n",
      "   5.31186737e-02 -3.13129843e-01  1.73966110e-01 -1.77057760e-01\n",
      "  -2.92318619e-02 -1.59254322e-02  5.84006688e-02  4.77569271e-02\n",
      "  -2.92564603e-02  8.43908262e-02 -4.00625243e-03 -4.11651599e-03\n",
      "  -7.07106786e-01]\n",
      " [ 2.64005054e-01  1.93167146e-02  9.51836614e-02  3.40097742e-02\n",
      "   2.69243766e-03  9.54300518e-03  5.06327566e-02  8.46800587e-03\n",
      "  -7.14743870e-02  1.35043825e-01 -2.08728798e-02  3.05852574e-03\n",
      "  -2.77319808e-01  7.12389892e-01 -5.16062661e-01 -1.21468186e-01\n",
      "   1.66278923e-01 -7.50479131e-03 -1.38370310e-05 -1.27262287e-03\n",
      "   1.66966176e-08]\n",
      " [ 1.64161425e-01  2.28346120e-01 -3.17272962e-02 -2.75549176e-01\n",
      "   4.71900473e-02 -5.18340546e-01 -5.59031313e-01 -3.67191699e-01\n",
      "   3.21003967e-01 -9.01655716e-02 -4.67637875e-02 -5.33217051e-03\n",
      "   8.30246740e-02  7.12854953e-02 -1.26308322e-02  8.82987339e-03\n",
      "   1.09235609e-02 -1.82130476e-03  1.29522041e-03 -5.73379603e-04\n",
      "  -3.39732564e-09]\n",
      " [ 2.19844386e-01  2.05596328e-01  6.45259116e-02 -1.00743256e-01\n",
      "  -1.10824081e-02 -2.59005043e-01  2.60970542e-02 -7.01825939e-02\n",
      "  -8.53807636e-01 -3.89747291e-02  6.10721643e-02  1.13199236e-01\n",
      "   2.61902511e-01 -1.77433825e-02  6.21740065e-02  4.11041183e-02\n",
      "   2.72840462e-02 -3.67388678e-03 -9.55550544e-04  7.68368606e-04\n",
      "  -9.07808136e-10]\n",
      " [ 8.24913340e-02  1.47276210e-01 -2.30960422e-01 -6.52290806e-01\n",
      "   5.98368457e-01  3.17618657e-01  1.80335590e-01  8.45209923e-03\n",
      "   1.85185499e-02  6.74756816e-03  1.83708721e-02 -1.48313335e-02\n",
      "   8.73681535e-03  9.53919877e-03 -2.62292239e-03  1.58161541e-03\n",
      "   6.00939607e-03 -1.10486932e-03  3.28983448e-04  1.59877093e-04\n",
      "   1.75142840e-09]\n",
      " [ 1.86954710e-01  6.81071915e-02 -1.58717746e-01  4.27021581e-01\n",
      "   3.02767260e-01  3.66683547e-01 -4.09428102e-01 -1.86091051e-01\n",
      "  -1.16350628e-01 -9.67133434e-02  1.05423960e-01  1.53231779e-01\n",
      "  -7.48230690e-02 -2.75800327e-01 -3.70398718e-01  1.91032791e-01\n",
      "  -1.07613243e-01 -7.77888480e-03 -1.84080803e-03  1.34812545e-03\n",
      "   3.97956961e-09]\n",
      " [ 2.33941587e-01  1.99830845e-01 -2.10021444e-02  1.72699460e-01\n",
      "  -6.40461731e-02  3.08718101e-01 -4.39638074e-03 -3.50268358e-01\n",
      "   5.80427779e-02  1.45189110e-01  2.49733063e-01  1.86146018e-01\n",
      "  -6.63808802e-02  2.61541725e-01  5.86079413e-01 -2.78577142e-01\n",
      "  -8.85678772e-02  1.72185601e-01 -5.78602626e-03 -7.78039312e-03\n",
      "  -1.23250976e-08]\n",
      " [ 2.62107857e-01  9.86346705e-02  4.45687539e-02 -1.39879244e-02\n",
      "  -5.02736150e-02 -3.35181320e-02  2.01528731e-02  2.67513392e-01\n",
      "   1.14913171e-01  3.08048944e-02  1.50338091e-02  8.12283554e-02\n",
      "   1.79652760e-01 -2.79314925e-01 -2.23067771e-01 -4.96805966e-01\n",
      "   1.61643708e-02  4.23739111e-01  4.42185109e-01 -2.01442326e-01\n",
      "  -7.93129237e-08]\n",
      " [ 2.56425158e-01  1.72792641e-01  3.49597771e-02 -8.97352290e-03\n",
      "  -1.06678442e-01 -5.60625582e-04  7.65920276e-02  2.27275644e-01\n",
      "   1.52446425e-01  1.34709842e-01  1.23668427e-02  1.27009343e-01\n",
      "   5.89581444e-04  9.81264791e-02  1.29879078e-01  7.71149851e-01\n",
      "   3.40494846e-02  2.47564791e-01  2.77182920e-01 -1.26752196e-01\n",
      "  -5.06759405e-08]\n",
      " [ 2.31246905e-01 -3.16516276e-01 -1.96726720e-01 -7.08437448e-02\n",
      "  -1.29696174e-01  5.36904979e-02 -4.74198074e-02 -3.11653110e-02\n",
      "  -2.86229433e-02  2.26859757e-01 -5.09341685e-02 -3.37952012e-01\n",
      "   3.12378393e-01  1.45559770e-01 -7.68984155e-02  4.07764947e-02\n",
      "  -6.95655533e-01  1.79026144e-02 -2.01626489e-03  1.65400505e-03\n",
      "  -6.68457450e-08]]\n",
      "\n",
      "Here are the eigenvalues:\n",
      "[1.35796532e+01 1.63719772e+00 1.30964310e+00 9.63233039e-01\n",
      " 8.29907298e-01 7.53402092e-01 5.87413775e-01 4.12333501e-01\n",
      " 2.73569873e-01 2.11501600e-01 1.60948173e-01 1.21295913e-01\n",
      " 6.07637469e-02 3.56352566e-02 3.70203872e-02 1.51377929e-02\n",
      " 8.71448669e-03 3.99798917e-03 2.69055764e-04 2.92348535e-04\n",
      " 1.49180822e-14]\n"
     ]
    }
   ],
   "source": [
    "eig_vals, eig_vecs = np.linalg.eig(cov_mat)\n",
    "print(\"Here are the eigenvectors:\\n{}\".format(eig_vecs))\n",
    "print(\"\\nHere are the eigenvalues:\\n{}\".format(eig_vals))"
   ]
  },
  {
   "cell_type": "code",
   "execution_count": 5,
   "metadata": {},
   "outputs": [
    {
     "name": "stdout",
     "output_type": "stream",
     "text": [
      "Eigenvalues in descending order:\n",
      "13.579653175335618\n",
      "1.6371977230739057\n",
      "1.3096430990571084\n",
      "0.9632330389403704\n",
      "0.8299072979061671\n",
      "0.7534020924655931\n",
      "0.5874137750022079\n",
      "0.4123335005963594\n",
      "0.2735698728254324\n",
      "0.2115016000627314\n",
      "0.16094817253111762\n",
      "0.12129591297834619\n",
      "0.06076374688138924\n",
      "0.03702038715322056\n",
      "0.03563525663102484\n",
      "0.015137792886306236\n",
      "0.0087144866866817\n",
      "0.003997989165318903\n",
      "0.00029234853488995465\n",
      "0.0002690557637177579\n",
      "1.49180822186206e-14\n"
     ]
    }
   ],
   "source": [
    "eig_pairs = [(np.abs(eig_vals[i]), eig_vecs[:,i]) for i in range(len(eig_vals))]\n",
    "eig_pairs.sort()\n",
    "eig_pairs.reverse()\n",
    "print(\"Eigenvalues in descending order:\")\n",
    "for e in eig_pairs:\n",
    "    print(e[0])"
   ]
  },
  {
   "cell_type": "code",
   "execution_count": 6,
   "metadata": {},
   "outputs": [
    {
     "data": {
      "text/plain": [
       "array([ 64.65907164,  72.45453472,  78.69035723,  83.27675964,\n",
       "        87.22833593,  90.81563519,  93.61258655,  95.57589894,\n",
       "        96.87849289,  97.88555079,  98.65190022,  99.22944672,\n",
       "        99.5187713 ,  99.69504265,  99.86471875,  99.93679686,\n",
       "        99.9782906 ,  99.99732689,  99.9987189 , 100.        ,\n",
       "       100.        ])"
      ]
     },
     "execution_count": 6,
     "metadata": {},
     "output_type": "execute_result"
    }
   ],
   "source": [
    "tot = sum(eig_vals)\n",
    "var_exp = [(i / tot)*100 for i in sorted(eig_vals, reverse=True)]\n",
    "cum_var_exp = np.cumsum(var_exp)\n",
    "cum_var_exp"
   ]
  },
  {
   "cell_type": "code",
   "execution_count": 7,
   "metadata": {},
   "outputs": [
    {
     "name": "stdout",
     "output_type": "stream",
     "text": [
      "Eigenvector matrix W:\n",
      "[[ 2.53836537e-01 -3.57163180e-02  6.69727837e-03 -8.48310154e-02\n",
      "  -3.38447324e-02 -1.66240008e-01]\n",
      " [ 2.31408216e-01 -3.21027213e-01 -1.43817348e-01  3.29475071e-02\n",
      "  -4.41151941e-02  1.53174108e-01]\n",
      " [ 1.49636977e-01 -3.50760315e-01 -4.13147353e-01 -2.79890333e-01\n",
      "  -3.64772953e-01  5.70327087e-03]\n",
      " [ 2.21308249e-01 -3.31651834e-01 -1.92027412e-02 -5.34155757e-02\n",
      "  -6.02994402e-02  8.28755309e-02]\n",
      " [ 2.61677172e-01  1.28018806e-01  4.05702713e-02 -1.18813131e-02\n",
      "  -7.19727072e-02 -2.05924783e-02]\n",
      " [ 2.63913259e-01  6.77496298e-02  1.23163725e-01 -6.22260921e-03\n",
      "  -4.07483813e-02 -8.98866848e-03]\n",
      " [-7.55499866e-02 -4.81252389e-02  5.88235574e-01 -3.71558440e-01\n",
      "  -2.43060046e-01  4.39642270e-01]\n",
      " [ 2.20537515e-01  4.58766019e-02 -1.50144114e-01  1.89740374e-01\n",
      "   2.18005395e-01 -2.06735952e-02]\n",
      " [ 1.58185147e-01  4.66163147e-01 -8.89433799e-02 -2.48601081e-02\n",
      "  -3.97535123e-01  2.52402265e-01]\n",
      " [ 2.16977598e-01 -2.39319060e-01  3.63590342e-01  5.21277325e-02\n",
      "   2.23773307e-01 -8.21850259e-02]\n",
      " [ 2.63824892e-01  6.76053162e-02  1.24139381e-01 -7.25782858e-03\n",
      "  -4.10405813e-02 -8.03082665e-03]\n",
      " [ 2.16977597e-01 -2.39319064e-01  3.63590371e-01  5.21277030e-02\n",
      "   2.23773298e-01 -8.21849899e-02]\n",
      " [ 2.64005054e-01  1.93167146e-02  9.51836614e-02  3.40097742e-02\n",
      "   2.69243766e-03  9.54300518e-03]\n",
      " [ 1.64161425e-01  2.28346120e-01 -3.17272962e-02 -2.75549176e-01\n",
      "   4.71900473e-02 -5.18340546e-01]\n",
      " [ 2.19844386e-01  2.05596328e-01  6.45259116e-02 -1.00743256e-01\n",
      "  -1.10824081e-02 -2.59005043e-01]\n",
      " [ 8.24913340e-02  1.47276210e-01 -2.30960422e-01 -6.52290806e-01\n",
      "   5.98368457e-01  3.17618657e-01]\n",
      " [ 1.86954710e-01  6.81071915e-02 -1.58717746e-01  4.27021581e-01\n",
      "   3.02767260e-01  3.66683547e-01]\n",
      " [ 2.33941587e-01  1.99830845e-01 -2.10021444e-02  1.72699460e-01\n",
      "  -6.40461731e-02  3.08718101e-01]\n",
      " [ 2.62107857e-01  9.86346705e-02  4.45687539e-02 -1.39879244e-02\n",
      "  -5.02736150e-02 -3.35181320e-02]\n",
      " [ 2.56425158e-01  1.72792641e-01  3.49597771e-02 -8.97352290e-03\n",
      "  -1.06678442e-01 -5.60625582e-04]\n",
      " [ 2.31246905e-01 -3.16516276e-01 -1.96726720e-01 -7.08437448e-02\n",
      "  -1.29696174e-01  5.36904979e-02]]\n"
     ]
    }
   ],
   "source": [
    "# Constructing the eigenvector matrix W\n",
    "count = 0\n",
    "for i, val in enumerate(cum_var_exp):\n",
    "    if val > 90:\n",
    "        count = i + 1\n",
    "        break\n",
    "\n",
    "w = [eig_pairs[i][1] for i in range(count)]\n",
    "matrix_w = np.array(w).T\n",
    "print(\"Eigenvector matrix W:\\n{}\".format(matrix_w))"
   ]
  },
  {
   "cell_type": "code",
   "execution_count": 8,
   "metadata": {},
   "outputs": [
    {
     "name": "stdout",
     "output_type": "stream",
     "text": [
      "Matrix Y:\n",
      "[[-1.73106453 -0.47299188  4.67591852 -3.6935559  -1.11559882  2.84075949]\n",
      " [-1.841925   -0.49541227  3.675028   -2.60728826 -0.93741823  1.91903637]\n",
      " [ 1.35545096  1.07705061 -0.37871597  0.18822207  0.23380654 -0.06106473]\n",
      " ...\n",
      " [ 0.051096    0.31215086 -0.28892175  0.87319329  0.64488597 -0.26318993]\n",
      " [-1.30116747 -0.00902139  0.20177378  0.23926051  0.21924915 -0.15574914]\n",
      " [-0.82669081  0.1706605  -0.13763329  0.14369627  0.56101096  0.15765472]]\n"
     ]
    },
    {
     "data": {
      "text/plain": [
       "(10880, 6)"
      ]
     },
     "execution_count": 8,
     "metadata": {},
     "output_type": "execute_result"
    }
   ],
   "source": [
    "Y = X_std.dot(matrix_w)\n",
    "print(\"Matrix Y:\\n{}\".format(Y))\n",
    "Y.shape"
   ]
  },
  {
   "cell_type": "code",
   "execution_count": null,
   "metadata": {},
   "outputs": [],
   "source": []
  }
 ],
 "metadata": {
  "kernelspec": {
   "display_name": "Python 3",
   "language": "python",
   "name": "python3"
  },
  "language_info": {
   "codemirror_mode": {
    "name": "ipython",
    "version": 3
   },
   "file_extension": ".py",
   "mimetype": "text/x-python",
   "name": "python",
   "nbconvert_exporter": "python",
   "pygments_lexer": "ipython3",
   "version": "3.5.2"
  }
 },
 "nbformat": 4,
 "nbformat_minor": 2
}
